Best performance on validation set:
	Accuracy: 67.33333333333333
	Loss: 1.3917331203818322
	Epoch: 66
