Best performance on validation set:
	Accuracy: 71.33333333333333
	Loss: 0.9726213625073433
	Epoch: 24
