Best performance on validation set:
	Accuracy: 61.148648648648646
	Loss: 1.30543930305017
	Epoch: 40
