Best performance on validation set:
	Accuracy: 99.18154761904762
	Loss: 0.052775347483388725
	Epoch: 14
