Best performance on validation set:
	Accuracy: 70.83333333333333
	Loss: 1.368657909631729
	Epoch: 75
