Best performance on validation set:
	Accuracy: 65.33333333333333
	Loss: 1.1123066812753677
	Epoch: 26
