Best performance on validation set:
	Accuracy: 59.833333333333336
	Loss: 1.1526399040222168
	Epoch: 13
