Best performance on validation set:
	Accuracy: 25.333333333333332
	Loss: 1.762022957801819
	Epoch: 7
