Best performance on validation set:
	Accuracy: 97.93526785714286
	Loss: 0.12018246551798213
	Epoch: 11
